 8682005100002
 8682005100019
 8682005100026
 8682005100033
 8682005100040
 8682005100057
 8682005100064
 8682005100071
 8682005100088
 8682005100095
 8682005100101
 8682005100118
 8682005100125
 8682005100132
 8682005100149
 8682005100156
 8682005100163
 8682005100170
 8682005100187
 8682005100194
 8682005100200
 8682005100217
 8682005100224
 8682005100231
 8682005100248
 8682005100255
 8682005100262
 8682005100279
 8682005100286
 8682005100293
 8682005100309
 8682005100316
 8682005100323
 8682005100330
 8682005100347
 8682005100354
 8682005100361
 8682005100378
 8682005100385
 8682005100392
 8682005100408
 8682005100415
 8682005100422
 8682005100439
 8682005100446
 8682005100453
 8682005100460
 8682005100477
 8682005100484
 8682005100491
 8682005100507
 8682005100514
 8682005100521
 8682005100538
 8682005100545
 8682005100552
 8682005100569
 8682005100576
 8682005100583
 8682005100590
 8682005100606
 8682005100613
 8682005100620
 8682005100637
 8682005100644
 8682005100651
 8682005100668
 8682005100675
 8682005100682
 8682005100699
 8682005100705
 8682005100712
 8682005100729
 8682005100736
 8682005100743
 8682005100750
 8682005100767
 8682005100774
 8682005100781
 8682005100798
 8682005100804
 8682005100811
 8682005100828
 8682005100835
 8682005100842
 8682005100859
 8682005100866
 8682005100873
 8682005100880
 8682005100897
 8682005100903
 8682005100910
 8682005100927
 8682005100934
 8682005100941
 8682005100958
 8682005100965
 8682005100972
 8682005100989
 8682005100996
 8682005101009
 8682005101016
 8682005101023
 8682005101030
 8682005101047
 8682005101054
 8682005101061
 8682005101078
 8682005101085
 8682005101092
 8682005101108
 8682005101115
 8682005101122
 8682005101139
 8682005101146
 8682005101153
 8682005101160
 8682005101177
 8682005101184
 8682005101191
 8682005101214
 8682005101207
 8682005101221
 8682005101238
 8682005101245
 8682005101252
 8682005101269
 8682005101276
 8682005101283
 8682005101290
 8682005101306
 8682005101313
 8682005101320
 8682005101337
 8682005101344
 8682005101351
 8682005101368
 8682005101375
 8682005101382
 8682005101399
 8682005101405
 8682005101412
 8682005101429
 8682005101436
 8682005101443
 8682005101450
 8682005101467
 8682005101474
 8682005101481
 8682005101498
 8682005101504
 8682005101511
 8682005101528
 8682005101535
 8682005101542
 8682005101559
 8682005101566
 8682005101573
 8682005101580
 8682005101597
 8682005101603
 8682005101610
 8682005101627
 8682005101634
 8682005101641
 8682005101658
 8682005101665
 8682005101672
 8682005101689
 8682005101696
 8682005101702
 8682005101719
 8682005101726
 8682005101733
 8682005101740
 8682005101757
 8682005101771
 8682005101764
 8682005101788
 8682005101795
 8682005101801
 8682005101818
 8682005101825
 8682005101832
 8682005101849
 8682005101856
 8682005101863
 8682005101870
 8682005101887
 8682005101894
 8682005101900
 8682005101917
 8682005101924
 8682005101931
 8682005101948
 8682005101955
 8682005101962
 8682005101979
 8682005101986
 8682005101993
 8682005102006
 8682005102013
 8682005102020
 8682005102037
 8682005102044
 8682005102051
 8682005102068
 8682005102075
 8682005102082
 8682005102099
 8682005102105
 8682005102112
 8682005102129
 8682005102136
 8682005102143
 8682005102150
 8682005102167
 8682005102174
 8682005102181
 8682005102198
 8682005102204
 8682005102211
 8682005102228
 8682005102235
 8682005102242
 8682005102259
 8682005102266
 8682005102273
 8682005102280
 8682005102297
 8682005102303
 8682005102310
 8682005102327
 8682005102334
 8682005102341
 8682005102358
 8682005102365
 8682005102372
 8682005102389
 8682005102396
 8682005102402
 8682005102419
 8682005102426
 8682005102433
 8682005102440
 8682005102457
 8682005102464
 8682005102471
 8682005102488
 8682005102495
 8682005102501
 8682005102518
 8682005102525
 8682005102532
 8682005102549
 8682005102556
 8682005102563
 8682005102570
 8682005102587
 8682005102594
 8682005102600
 8682005102617
 8682005102624
 8682005102631
 8682005102648
 8682005102655
 8682005102662
 8682005102679
 8682005102686
 8682005102693
 8682005102709
 8682005102716
 8682005102723
 8682005102730
 8682005102747
 8682005102754
 8682005102761
 8682005102778
 8682005102785
 8682005102792
 8682005102808
 8682005102815
 8682005102822
 8682005102839
 8682005102846
 8682005102853
 8682005102860
 8682005102877
 8682005102884
 8682005102891
 8682005102907
 8682005102914
 8682005102921
 8682005102938
 8682005102945
 8682005102952
 8682005102969
 8682005102976
 8682005102983
 8682005102990
 8682005103003
 8682005103010
 8682005103027
 8682005103034
 8682005103041
 8682005103058
 8682005103065
 8682005103072
 8682005103089
 8682005103096
 8682005103102
 8682005103119
 8682005103126
 8682005103133
 8682005103140
 8682005103157
 8682005103164
 8682005103171
 8682005103188
 8682005103195
 8682005103201
 8682005103218
 8682005103225
 8682005103232
 8682005103249
 8682005103256
 8682005103263
 8682005103270
 8682005103287
 8682005103294
 8682005103300
 8682005103317
 8682005103324
 8682005103331
 8682005103348
 8682005103355
 8682005103362
 8682005103379
 8682005103386
 8682005103393
 8682005103409
 8682005103416
 8682005103430
 8682005103423
 8682005103447
 8682005103454
 8682005103461
 8682005103478
 8682005103485
 8682005103492
 8682005103508
 8682005103515
 8682005103522
 8682005103539
 8682005103546
 8682005103553
 8682005103560
 8682005103577
 8682005103584
 8682005103591
 8682005103607
 8682005103614
 8682005103621
 8682005103638
 8682005103645
 8682005103652
 8682005103669
 8682005103676
 8682005103683
 8682005103690
 8682005103706
 8682005103713
 8682005103720
 8682005103737
 8682005103744
 8682005103751
 8682005103768
 8682005103775
 8682005103782
 8682005103799
 8682005103805
 8682005103812
 8682005103829
 8682005103836
 8682005103843
 8682005103850
 8682005103867
 8682005103874
 8682005103881
 8682005103898
 8682005103904
 8682005103911
 8682005103928
 8682005103942
 8682005103935
 8682005103959
 8682005103966
 8682005103973
 8682005103980
 8682005103997
 8682005104000
 8682005104017
 8682005104024
 8682005104031
 8682005104048
 8682005104055
 8682005104062
 8682005104079
 8682005104086
 8682005104093
 8682005104109
 8682005104116
 8682005104123
 8682005104130
 8682005104147
 8682005104154
 8682005104161
 8682005104178
 8682005104185
 8682005104192
 8682005104208
 8682005104215
 8682005104222
 8682005104239
 8682005104246
 8682005104253
 8682005104260
 8682005104277
 8682005104284
 8682005104291
 8682005104307
 8682005104314
 8682005104321
 8682005104338
 8682005104345
 8682005104352
 8682005104369
 8682005104376
 8682005104383
 8682005104390
 8682005104406
 8682005104413
 8682005104420
 8682005104437
 8682005104444
 8682005104451
 8682005104468
 8682005104475
 8682005104482
 8682005104499
 8682005104505
 8682005104512
 8682005104529
 8682005104536
 8682005104543
 8682005104550
 8682005104567
 8682005104574
 8682005104581
 8682005104598
 8682005104604
 8682005104611
 8682005104628
 8682005104635
 8682005104642
 8682005104659
 8682005104666
 8682005104673
 8682005104680
 8682005104697
 8682005104703
 8682005104710
 8682005104727
 8682005104734
 8682005104741
 8682005104758
 8682005104765
 8682005104772
 8682005104789
 8682005104796
 8682005104802
 8682005104819
 8682005104826
 8682005104833
 8682005104840
 8682005104857
 8682005104864
 8682005104871
 8682005104888
 8682005104895
 8682005104901
 8682005104918
 8682005104925
 8682005104932
 8682005104949
 8682005104956
 8682005104963
 8682005104970
 8682005104987
 8682005104994
 8682005105007
 8682005105014
 8682005105021
 8682005105038
 8682005105045
 8682005105052
 8682005105069
 8682005105076
 8682005105083
 8682005105090
 8682005105106
 8682005105113
 8682005105120
 8682005105137
 8682005105144
 8682005105151
 8682005105168
 8682005105175
 8682005105182
 8682005105199
 8682005105205
 8682005105212
 8682005105229
 8682005105236
 8682005105243
 8682005105250
 8682005105267
 8682005105274
 8682005105281
 8682005105298
 8682005105304
 8682005105311
 8682005105328
 8682005105335
 8682005105342
 8682005105359
 8682005105366
 8682005105373
 8682005105380
 8682005105397
 8682005105403
 8682005105410
 8682005105427
 8682005105434
 8682005105441
 8682005105458
 8682005105465
 8682005105472
 8682005105489
 8682005105496
 8682005105502
 8682005105519
 8682005105526
 8682005105533
 8682005105540
 8682005105557
 8682005105564
 8682005105571
 8682005105588
 8682005105595
 8682005105601
 8682005105618
 8682005105625
 8682005105632
 8682005105649
 8682005105656
 8682005105663
 8682005105670
 8682005105687
 8682005105694
 8682005105700
 8682005105717
 8682005105724
 8682005105731
 8682005105748
 8682005105755
 8682005105762
 8682005105779
 8682005105786
 8682005105793
 8682005105809
 8682005105816
 8682005105823
 8682005105830
 8682005105847
 8682005105854
 8682005105861
 8682005105878
 8682005105885
 8682005105892
 8682005105908
 8682005105915
 8682005105922
 8682005105939
 8682005105946
 8682005105953
 8682005105960
 8682005105977
 8682005105984
 8682005105991
 8682005106004
 8682005106011
 8682005106028
 8682005106035
 8682005106042
 8682005106059
 8682005106066
 8682005106073
 8682005106080
 8682005106097
 8682005106103
 8682005106110
 8682005106127
 8682005106134
 8682005106141
 8682005106158
 8682005106165
 8682005106172
 8682005106189
 8682005106196
 8682005106202
 8682005106219
 8682005106226
 8682005106233
 8682005106240
 8682005106257
 8682005106264
 8682005106271
 8682005106288
 8682005106295
 8682005106301
 8682005106318
 8682005106325
 8682005106332
 8682005106349
 8682005106356
 8682005106363
 8682005106370
 8682005106387
 8682005106394
 8682005106400
 8682005106417
 8682005106424
 8682005106431
 8682005106448
 8682005106455
 8682005106462
 8682005106479
 8682005106509
 8682005106486
 8682005106493
 8682005106523
 8682005106516
 8682005106530
 8682005106547
 8682005106554
 8682005106561
 8682005106578
 8682005106585
 8682005106592
 8682005106608
 8682005106615
 8682005106622
 8682005106639
 8682005106646
 8682005106653
 8682005106660
 8682005106677
 8682005106684
 8682005106691
 8682005106707
 8682005106714
 8682005106721
 8682005106738
 8682005106745
 8682005106752
 8682005106769
 8682005106776
 8682005106783
 8682005106790
 8682005106806
 8682005106813
 8682005106820
 8682005106837
 8682005106844
 8682005106851
 8682005106868
 8682005106875
 8682005106882
 8682005106899
 8682005106905
 8682005106912
 8682005106929
 8682005106936
 8682005106943
 8682005106950
 8682005106967
 8682005106974
 8682005106998
 8682005107001
 8682005107018
 8682005106981
 8682005107025
 8682005107032
 8682005107049
 8682005107056
 8682005107063
 8682005107070
 8682005107087
 8682005107094
 8682005107100
 8682005107117
 8682005107124
 8682005107131
 8682005107148
 8682005107155
 8682005107162
 8682005107179
 8682005107186
 8682005107193
 8682005107209
 8682005107216
 8682005107223
 8682005107230
 8682005107247
 8682005107254
 8682005107261
 8682005107278
 8682005107285
 8682005107292
 8682005107308
 8682005107315
 8682005107322
 8682005107339
 8682005107346
 8682005107353
 8682005107360
 8682005107377
 8682005107384
 8682005107391
 8682005107407
 8682005107414
 8682005107421
 8682005107438
 8682005107445
 8682005107452
 8682005107469
 8682005107476
 8682005107483
 8682005107490
 8682005107506
 8682005107513
 8682005107520
 8682005107537
 8682005107544
 8682005107551
 8682005107568
 8682005107575
 8682005107582
 8682005107599
 8682005107605
 8682005107612
 8682005107629
 8682005107636
 8682005107643
 8682005107650
 8682005107667
 8682005107674
 8682005107681
 8682005107698
 8682005107704
 8682005107711
 8682005107728
 8682005107735
 8682005107742
 8682005107759
 8682005107766
 8682005107773
 8682005107780
 8682005107797
 8682005107803
 8682005107810
 8682005107827
 8682005107834
 8682005107841
 8682005107858
 8682005107865
 8682005107872
 8682005107889
 8682005107896
 8682005107902
 8682005107919
 8682005107926
 8682005107933
 8682005107940
 8682005107957
 8682005107964
 8682005107971
 8682005107988
 8682005107995
 8682005108008
 8682005108015
 8682005108022
 8682005108039
 8682005108046
 8682005108053
 8682005108060
 8682005108077
 8682005108084
 8682005108091
 8682005108107
 8682005108114
 8682005108121
 8682005108138
 8682005108145
 8682005108152
 8682005108169
 8682005108176
 8682005108183
 8682005108190
 8682005108206
 8682005108213
 8682005108220
 8682005108237
 8682005108244
 8682005108251
 8682005108268
 8682005108275
 8682005108282
 8682005108299
 8682005108305
 8682005108312
 8682005108329
 8682005108336
 8682005108343
 8682005108350
 8682005108367
 8682005108374
 8682005108381
 8682005108398
 8682005108404
 8682005108411
 8682005108428
 8682005108435
 8682005108442
 8682005108459
 8682005108466
 8682005108473
 8682005108480
 8682005108497
 8682005108503
 8682005108510
 8682005108527
 8682005108534
 8682005108541
 8682005108558
 8682005108565
 8682005108572
 8682005108589
 8682005108596
 8682005108602
 8682005108619
 8682005108626
 8682005108633
 8682005108640
 8682005108657
 8682005108664
 8682005108671
 8682005108688
 8682005108695
 8682005108701
 8682005108718
 8682005108725
 8682005108732
 8682005108749
 8682005108756
 8682005108763
 8682005108770
 8682005108787
 8682005108794
 8682005108800
 8682005108817
 8682005108824
 8682005108831
 8682005108848
 8682005108855
 8682005108862
 8682005108879
 8682005108886
 8682005108893
 8682005108909
 8682005108916
 8682005108923
 8682005108930
 8682005108947
 8682005108954
 8682005108961
 8682005108978
 8682005108985
 8682005108992
 8682005109005
 8682005109012
 8682005109029
 8682005109036
 8682005109043
 8682005109050
 8682005109067
 8682005109074
 8682005109081
 8682005109098
 8682005109104
 8682005109111
 8682005109128
 8682005109135
 8682005109142
 8682005109159
 8682005109166
 8682005109173
 8682005109180
 8682005109197
 8682005109203
 8682005109210
 8682005109227
 8682005109234
 8682005109241
 8682005109258
 8682005109265
 8682005109272
 8682005109289
 8682005109296
 8682005109302
 8682005109319
 8682005109326
 8682005109333
 8682005109340
 8682005109357
 8682005109364
 8682005109371
 8682005109388
 8682005109395
 8682005109401
 8682005109418
 8682005109425
 8682005109432
 8682005109449
 8682005109456
 8682005109463
 8682005109470
 8682005109487
 8682005109494
 8682005109500
 8682005109517
 8682005109524
 8682005109531
 8682005109548
 8682005109555
 8682005109562
 8682005109579
 8682005109586
 8682005109593
 8682005109609
 8682005109616
 8682005109623
 8682005109630
 8682005109647
 8682005109654
 8682005109661
 8682005109678
 8682005109685
 8682005109692
 8682005109708
 8682005109715
 8682005109722
 8682005109739
 8682005109746
 8682005109753
 8682005109760
 8682005109777
 8682005109784
 8682005109791
 8682005109807
 8682005109814
 8682005109821
 8682005109838
 8682005109845
 8682005109852
 8682005109869
 8682005109876
 8682005109883
 8682005109890
 8682005109906
 8682005109913
 8682005109937
 8682005109920
 8682005109944
 8682005109951
 8682005109968
 8682005109975
 8682005109982
 8682005109999
 